[INFO] 
==================
Optimization results:
status: FAILED
cost values: (1.76735, 0.298807, 0.115621, 0, 0, 0, 0, 0, 0, 0, 0, 0, 0, 0, 0, 0, 0, 0, 0, 0, 0, 0, 0, 5.87627e-07, 0.239129, 0.122905, 2.70013e-07, 0.220505, 0.230463, 0.21929, 0.172254, 0.231234, 0.113053, 0.236055, 0.24882, 0.256927, 0.0402391, 0.274232, 0.255856, 0.215094, 0.248105, 0.0422736, 0.219274, 0.204235, 9.99609e-08)
constraint violations: (1.11989e-13, 1.84641e-07, 2.92801e-07, 3.21236e-07, 0.0117295, 0.00599916, 0.00486483, 0, 0, 0, 0, 0, 0, 0, 0, 0, 0, 0, 0, 0, 0, 0, 0, 0, 0, 0, 0, 0, 0)
n func evals: 47
n qp solves: 47
==================
optimization took 10.404 seconds

